0	NA	0	0	0	0	0
1	NA	0.0768127527587211	0.0694045133624912	0.0619368855441852	0.0544093936952062	0.0468215584019263
2	NA	0.147861665027459	0.13411674090671	0.120150224881183	0.105958546322709	0.0915380770969523
3	NA	0.213379690927425	0.194270963800608	0.174698202394488	0.15465014199888	0.134115244539435
4	NA	0.27386025807022	0.250246181621977	0.225864373223362	0.200689879106591	0.174696934635293
5	NA	0.329637050535373	0.302282480528191	0.273811922934717	0.244179858158858	0.213338910309567
6	NA	0.0257801008954311	0.325375283255506	0.318833348203428	0.285343596818939	0.250207600225837
7	NA	0.00939307415994282	0.0109286679391892	0.0978850435646059	0.324265461669798	0.28534835378685
8	NA	0.00857502291780518	0.00822752730589055	0.00836701752205913	0.081530830643998	0.318842154723098
9	NA	0.00791508071392437	0.0076430271042617	0.00729301814354608	0.00733729770753969	0.312610917812987
10	NA	0.00730592824291082	0.00711145637928326	0.00683674101039958	0.00647317705510975	0.00802586957539913
11	NA	0.00674420017583608	0.00661741215271911	0.00641285965226822	0.00611755974085765	0.00573022358549237
12	NA	0.00622566150221998	0.00615769049311361	0.0060152819325125	0.00578436263388496	0.00544889115495209
13	NA	0.00574699150838512	0.00572990639801062	0.00564235296915696	0.00546933253422634	0.00519343129255137
14	NA	0.00530512482660366	0.00533184111264174	0.00529254445457464	0.00517145984824632	0.0049500285676815
15	NA	0.00489723177505702	0.00496143002620913	0.00496442299104726	0.00488981000868247	0.00471803403574117
16	NA	0.00452070023656389	0.00461675195958217	0.00465664404816409	0.0046234994803544	0.00449691246740969
17	NA	0.00417311893077146	0.00429601920085702	0.00436794645226739	0.00437169284836802	0.00428615427240724
18	NA	0.00385226197249474	0.0039975682331876	0.00409714721858488	0.00413360019649168	0.00408527374726904
19	NA	0.00355635912603934	0.00372011895532955	0.00384338268024941	0.00390869351602191	0.00389399486392319
20	NA	0.00328292273693799	0.00346167665091853	0.00360510478560629	0.0036958168943377	0.0037114937957311
21	NA	0.00303050994422694	0.00322118872525489	0.00338159938691246	0.00349453403304273	0.00353754606185382
22	NA	0.00279750431489727	0.00299740786042393	0.00317195063489495	0.00330421350873831	0.0033717507905122
23	NA	0.00258241369799075	0.00278917339157774	0.00297529946011636	0.00312425828682586	0.00321372589770944
24	NA	0.00238386066897457	0.00259540528701524	0.00279084005279985	0.00295410384861213	0.00306310720669821
25	NA	0.00220057370881566	0.00241509854647519	0.00261781656089409	0.00279321642041671	0.00291954760871608
26	NA	0.00203137906126609	0.0022473179885883	0.00245551999284813	0.00264109129912649	0.00278271626305489
27	NA	0.00187519321621414	0.002091193400453	0.00230328531240461	0.00249725126894428	0.00265229783462088
28	NA	0.00173101597096502	0.00194591502417745	0.00216048871350684	0.00236124510436516	0.00252799176722813
29	NA	0.00159792402501619	0.0018107293569783	0.00202654506415334	0.00223264615468409	0.00240951159095098
30	NA	0.0014750650673087	0.00168493524305306	0.00190090550872543	0.00211105100559471	0.00229658426193886
31	NA	0.00136165231808964	0.00156788023695597	0.00178305521896318	0.00199607821368049	0.00218894953317224
32	NA	0.00125695949043234	0.00145895721961566	0.00167251128437392	0.00188736710982853	0.00208635935470959
33	NA	0.0011603161391485	0.00135760124944349	0.00156882073342929	0.00178457666781258	0.00198857730204347
34	NA	0.00107110336730534	0.0012632866321989	0.0014715586774405	0.00168738443449424	0.00189537803124665
35	NA	0.000988749862856126	0.00117552419441764	0.0013803265695099	0.00159548551829014	0.00180654675965616
36	NA	0.000912728239999381	0.00109385874625773	0.00129475057142055	0.00150859163272805	0.0017218787708949
37	NA	0.000842551661838855	0.0010178667206057	0.00121448002177417	0.00142643019209355	0.00164117894309186
38	NA	0.000777770722715774	0.000947153976197658	0.00113918599909966	0.00134874345632993	0.00156426129921346
39	NA	0.00071791313260235	0.000881290295890708	0.00106849158620627	0.00127521630639636	0.00149087701293779
40	NA	0.000662715227185759	0.000820065722789897	0.00100224839712375	0.00120576503371187	0.00142100361635885
41	NA	0.000611761301470909	0.000763094513613386	0.000940112081840209	0.00114009624032388	0.00135440499798571
42	NA	0.000564725050255227	0.000710081180720244	0.000881828026822783	0.00107800392353329	0.00129092767776983
43	NA	0.000521305256836247	0.000660750764443985	0.000827157403793832	0.00101929330003143	0.00123042536885986
44	NA	0.000481223864041949	0.000614847406983058	0.000775876191093722	0.000963780194865768	0.0011727586404758
45	NA	0.000444224193573033	0.000572133025365327	0.000727774255716082	0.000911290463683861	0.00111779459658337
46	NA	0.000410069302253908	0.000532386076603721	0.000682654492254056	0.000861659446443398	0.00106540656962805
47	NA	0.000378540464665981	0.000495400408638395	0.000640332015229246	0.000814731450874382	0.00101547382862299
48	NA	0.000349435772446123	0.000460984191105672	0.000600633401493758	0.000770359264073223	0.000967881300918046
49	NA	0.000322568841280319	0.000428958920388103	0.000563395979600996	0.000728403690696529	0.00092251930700876
50	NA	0.000297767617312192	0.000399158493785195	0.000528467163233287	0.00068873311630597	0.000879283307774105
51	NA	0.000274873275322732	0.000371428348002911	0.000495703825954926	0.000651223094494395	0.000838073663560548
52	NA	0.000253739201625243	0.000345624657493607	0.000464971714728622	0.000615755956498035	0.000798795404557188
53	NA	0.000234230055162047	0.000321613588488503	0.000436144899792107	0.00058222044207014	0.00076135801193278
54	NA	0.000216220900790275	0.000299270604853664	0.000409105258640708	0.000550511350458094	0.000725675209230298
55	NA	0.000199596409206385	0.000278479822169203	0.000383741992001415	0.000520529210389155	0.000691664763538246
56	NA	0.000184250118385755	0.000259133406681595	0.000359951169815057	0.000492179968029529	0.000659248295980572
57	NA	0.000170083751807689	0.000241131016011669	0.000337635305366191	0.000465374691937933	0.000628351101088374
58	NA	0.000157006589099788	0.000224379278717481	0.000316702955815626	0.000440029294088077	0.000598901974637199
59	NA	0.00014493488507134	0.00020879131001273	0.000297068347498703	0.000416064266084918	0.000570833049553118
60	NA	0.00013379133341526	0.000194286261128958	0.000278651024453925	0.000393404429747196	0.000544079639509461
61	NA	0.000123504571644173	0.000180788899984239	0.000261375518741729	0.000371978701273829	0.000518580089853749
62	NA	0.000114008724090277	0.000168229220983447	0.000245171041202485	0.000351719868254358	0.000494275635521269
63	NA	0.000105242980042401	0.000156542081926295	0.000229971191386541	0.000332564378823929	0.000471110265607875
64	NA	9.71512043186679e-05	0.00014566686613992	0.000215713685467715	0.000314452142301391	0.000449030594289877
65	NA	8.96815777808612e-05	0.000135547168083564	0.000202340101025221	0.000297326340684988	0.000427985737793444
66	NA	8.27862654886229e-05	0.000126130500795053	0.000189795637648703	0.000281133250414922	0.000407927197130692
67	NA	7.64211103678344e-05	0.000117368023660981	0.00017802889238445	0.000265822073842413	0.000388808746330732
68	NA	7.05453504320151e-05	0.000109214289099413	0.000166991649103641	0.000251344779877842	0.000370586325909628
69	NA	6.51213577455487e-05	0.000101627006840838	0.000156638680929014	0.000237655953317454	0.000353217941332977
70	NA	6.0114397457145e-05	9.45668245848908e-05	0.000146927564910468	0.000224712652376064	0.000336663566237281
71	NA	5.54924053604e-05	8.79971238951797e-05	0.000137818508190216	0.000212474273978884	0.000320885050187064
72	NA	5.12257825569696e-05	8.18838302736116e-05	0.000129274184945151	0.000200902426389866	0.000305846030755176
73	NA	4.72872059073961e-05	7.61952364291409e-05	0.000121259583438297	0.000189960808777005	0.000291511849723646
74	NA	4.36514530557278e-05	7.09018378243071e-05	0.000113741862552589	0.000179615097336794	0.000277849473211983
75	NA	4.02952409074012e-05	6.59761796466024e-05	0.000106690217219121	0.000169832837620616	0.000264827415548845
