#"time"	"Top model:Controleur.acc"	"Top model:M_0.C2"	"Top model:M_1.C2"	"Top model:M_2.C2"	"Top model:M_3.C2"	"Top model:M_4.C2"	
0	NA	0	0	0	0	0
1	0.282340156956868	0.0768127527587211	0.0694045133624912	0.0619368855441852	0.0544093936952062	0.0468215584019263
2	0.57430479414764	0.147861665027459	0.13411674090671	0.120150224881183	0.105958546322709	0.0915380770969523
3	0.847403794613659	0.213379690927425	0.194270963800608	0.174698202394488	0.15465014199888	0.134115244539435
4	1.10315204289907	0.27386025807022	0.250246181621977	0.225864373223362	0.200689879106591	0.174696934635293
5	1.34268181677562	0.329637050535373	0.302282480528191	0.273811922934717	0.244179858158858	0.213338910309567
6	1.22819742311144	0.0278555831725976	0.350753974511401	0.318833348203428	0.285343596818939	0.250207600225837
7	0.843618177671688	0.00940688435380108	0.0112299266679139	0.142023621570284	0.324265461669798	0.28534835378685
8	0.475914319865028	0.00857511481040126	0.00822953187200579	0.00866071423322305	0.0878729697949007	0.318842154723098
9	0.378675732055778	0.0079150813253749	0.00764304044258182	0.00729447628625358	0.00737643215424311	0.350766191275369
10	0.0377122553816756	0.00730592824695914	0.00711145646759243	0.00683675394889167	0.00647345645120948	0.00841018697388082
11	0.0318184432114803	0.0067442001758631	0.00661741215330688	0.00641285973836079	0.00611756159995082	0.00573278082138628
12	0.0298045539140325	0.00622566150222022	0.00615769049311767	0.00601528193308559	0.0057843626462556	0.00544890817071949
13	0.027943511511973	0.00574699150838519	0.00572990639801079	0.00564235296916099	0.00546933253430893	0.00519343140577387
14	0.0262021344395163	0.00530512482660372	0.00533184111264188	0.00529254445457487	0.00517145984824713	0.00495002856843499
15	0.0245723857314405	0.00489723177505708	0.00496143002620926	0.00496442299104745	0.00488981000868273	0.00471803403574627
16	0.0230469223755796	0.00452070023656395	0.00461675195958229	0.00465664404816427	0.00462349948035465	0.00449691246740981
17	0.0216188964374624	0.00417311893077151	0.00429601920085713	0.00436794645226755	0.00437169284836825	0.00428615427240733
18	0.0202819200826912	0.00385226197249479	0.0039975682331877	0.00409714721858503	0.0041336001964919	0.00408527374726912
19	0.0190300340380865	0.00355635912603938	0.00371985110676486	0.00384313670375802	0.00390847462918522	0.00389380795216981
20	0.0178588126446357	0.00328292273693803	0.00346167665091861	0.00360510478560642	0.0036958168943379	0.00371149379573118
21	0.0167607271504736	0.00303050994422698	0.00322118872525496	0.00338159938691258	0.00349453403304291	0.0035375460618539
22	0.0157321469194094	0.00279750431489731	0.002997407860424	0.00317195063489506	0.00330421350873849	0.00337175079051228
23	0.0147685529854879	0.00258241369799078	0.00278917339157781	0.00297529946011647	0.00312425828682602	0.0032137258977095
24	0.0138657273279017	0.0023838606689746	0.00259540528701531	0.00279084005279994	0.00295410384861228	0.00306310720669827
25	0.0130197324044497	0.00220057370881569	0.00241509854647525	0.00261781656089418	0.00279321642041686	0.00291954760871614
26	0.0122268921021275	0.00203137906126612	0.00224731798858835	0.00245551999284822	0.00264109129912663	0.00278271626305495
27	0.0114837740052216	0.00187519321621417	0.00209119340045306	0.00230328531240469	0.00249725126894442	0.00265229783462093
28	0.010787172888371	0.00173101597096504	0.0019459150241775	0.00216048871350692	0.00236124510436529	0.00252799176722818
29	0.0101340953486487	0.00159792402501621	0.00181072935697834	0.00202654506415341	0.00223264615468422	0.00240951159095104
30	0.00952174549681931	0.00147506506730872	0.0016849352430531	0.00190090550872549	0.00211105100559483	0.00229658426193891
31	0.00894751163360486	0.00136165231808966	0.00156788023695602	0.00178305521896324	0.0019960782136806	0.00218894953317229
32	0.00840895384205297	0.00125695949043236	0.0014589572196157	0.00167251128437398	0.00188736710982864	0.00208635935470963
33	0.00790379243198845	0.00116031613914852	0.00135760124944353	0.00156882073342934	0.00178457666781268	0.00198857730204351
34	0.00742989717705654	0.00107110336730535	0.00126328663219894	0.00147155867744056	0.00168738443449433	0.00189537803124669
35	0.0069852772890998	0.000988749862856142	0.00117552419441767	0.00138032656950994	0.00159548551829023	0.0018065467596562
36	0.00656807207848823	0.000912728239999395	0.00109385874625776	0.0012947505714206	0.00150859163272813	0.00172187877089494
37	0.00617654225267427	0.000842551661838868	0.00101786672060572	0.00121448002177421	0.00142643019209362	0.0016411789430919
38	0.00580906180860621	0.000777770722715786	0.000947153976197683	0.0011391859990997	0.00134874345633	0.00156426129921349
39	0.00546377631979131	0.000717913132602361	0.000881290295890731	0.00106849158620631	0.00127521630639643	0.00149087701293782
40	0.00513995295482815	0.000662715227185769	0.000820065722789918	0.00100224839712378	0.00120576503371194	0.00142100361635889
41	0.0048359064001877	0.000611761301470919	0.000763094513613405	0.000940112081840241	0.00114009624032394	0.00135440499798574
42	0.0045503933114885	0.000564725050255236	0.000710081180720262	0.000881828026822813	0.00107800392353335	0.00129092767776986
43	0.00428225065244183	0.000521305256836255	0.000660750764444002	0.000827157403793859	0.00101929330003149	0.00123042536885989
44	0.00403039037956392	0.000481223864041956	0.000614847406983073	0.000775876191093747	0.00096378019486582	0.00117275864047583
45	0.00379379448632803	0.000444224193573039	0.000572133025365341	0.000727774255716105	0.00091129046368391	0.0011177945965834
46	0.00357151038199469	0.000410069302253914	0.000532386076603735	0.000682654492254078	0.000861659446443444	0.00106540656962807
47	0.0033626465820914	0.000378540464665986	0.000495400408638407	0.000640332015229268	0.000814731450874425	0.00101547382862301
48	0.00316636868912302	0.000349435772446129	0.000460984191105683	0.000600633401493778	0.000770359264073264	0.000967881300918068
49	0.00298189564359029	0.000322568841280324	0.000428958920388113	0.000563395979601015	0.000728403690696567	0.000922519307008783
50	0.00280849622678369	0.000297767617312196	0.000399158493785205	0.000528467163233305	0.000688733116306005	0.000879283307774126
51	0.0026454857981117	0.000274873275322736	0.00037142834800292	0.000495703825954943	0.000651223094494429	0.000838073663560569
52	0.00249222325092315	0.000253739201625247	0.000345624657493614	0.000464971714728638	0.000615755956498068	0.000798795404557208
53	0.00234810817189839	0.00023423005516205	0.00032161358848851	0.000436144899792123	0.00058222044207017	0.0007613580119328
54	0.00221257819012183	0.000216220900790279	0.00029927060485367	0.000409105258640723	0.000550511350458122	0.000725675209230315
55	0.0020851065029114	0.000199596409206389	0.000278479822169209	0.000383741992001429	0.000520529210389181	0.000691664763538263
56	0.00196519956637702	0.000184250118385758	0.000259133406681601	0.000359951169815071	0.000492179968029554	0.000659248295980587
57	0.00185239493951304	0.000170083751807692	0.000241131016011674	0.000337635305366203	0.000465374691937956	0.000628351101088389
58	0.00174625927140362	0.000157006589099791	0.000224379278717486	0.000316702955815638	0.000440029294088098	0.000598901974637213
59	0.00164638642184069	0.000144934885071343	0.000208791310012734	0.000297068347498715	0.000416064266084938	0.000570833049553131
60	0.00155239570632297	0.000133791333415263	0.000194286261128962	0.000278651024453935	0.000393404429747215	0.000544079639509474
61	0.00146393025702769	0.000123504571644175	0.000180788899984243	0.000261375518741739	0.000371978701273847	0.000518580089853762
62	0.00138065549192518	0.000114008724090279	0.00016822922098345	0.000245171041202494	0.000351719868254375	0.000494275635521281
63	0.00130225768474538	0.000105242980042403	0.000156542081926298	0.000229971191386549	0.000332564378823945	0.000471110265607886
64	0.00122844262900593	9.71512043186695e-05	0.000145666866139923	0.000215713685467723	0.000314452142301407	0.000449030594289888
65	0.00115893438977702	8.96815777808627e-05	0.000135547168083567	0.000202340101025229	0.000297326340685003	0.000427985737793454
66	0.00109347413729441	8.27862654886243e-05	0.000126130500795055	0.00018979563764871	0.000281133250414936	0.000407927197130702
67	0.00103181905692845	7.64211103678357e-05	0.000117368023660984	0.000178028892384456	0.000265822073842426	0.000388808746330741
68	0.000973741330400796	7.05453504320163e-05	0.000109214289099415	0.000166991649103647	0.000251344779877855	0.000370586325909637
69	0.000919027183483574	6.51213577455498e-05	0.00010162700684084	0.000156638680929019	0.000237655953317465	0.000353217941332986
70	0.000867475995742455	6.0114397457146e-05	9.45668245848928e-05	0.000146927564910474	0.000224712652376075	0.000336663566237289
71	0.000818899468187562	5.54924053604009e-05	8.79971238951815e-05	0.00013781850819022	0.000212474273978894	0.000320885050187072
72	0.000773120844977227	5.12257825569704e-05	8.18838302736133e-05	0.000129274184945155	0.000200902426389876	0.000305846030755184
73	0.000729974185581548	4.72872059073969e-05	7.61952364291424e-05	0.000121259583438301	0.000189960808777014	0.000291511849723654
74	0.000689303684056542	4.36514530557285e-05	7.09018378243085e-05	0.000113741862552593	0.000179615097336803	0.00027784947321199
75	0.000650963032306566	4.02952409074018e-05	6.59761796466038e-05	0.000106690217219125	0.000169832837620624	0.000264827415548852
76	0.00061481482442401	3.71970765260117e-05	6.13927144109737e-05	0.000100075752188432	0.000160583342725296	0.000252415666711646
77	0.00058076309453595	3.43398666834588e-05	5.7131782943258e-05	9.38773717793603e-05	0.000151846100410023	0.000240597171831091
78	0.000548618530695385	3.16995908239633e-05	5.31627513568182e-05	8.80572637226622e-05	0.000143576205433909	0.00022932102936102
79	0.000518302320346402	2.92623168187991e-05	4.94694544126842e-05	8.25979844487646e-05	0.000135756708345731	0.000218573369366606
80	0.000489707433375795	2.70124365440221e-05	4.60327364071759e-05	7.74771636839149e-05	0.000128363079419532	0.000208329423295321
81	0.000462733291283432	2.49355419313912e-05	4.28347724123922e-05	7.26738180424683e-05	0.000121372124875796	0.000198565583430093
82	0.000437285366948524	2.30183327001566e-05	3.98589758252001e-05	6.81682650440944e-05	0.00011476191412267	0.000189259348484063
83	0.000413274809910784	2.12485311830372e-05	3.70899123389357e-05	6.39420424616522e-05	0.0001085117109598	0.000180389271745184
84	0.000390618095498681	1.96148037009402e-05	3.45132198916209e-05	5.99778326692493e-05	0.000102601908528965	0.00017193491165113
85	0.000369236696248436	1.81066879829115e-05	3.21155341754997e-05	5.62593916804877e-05	9.70139678074569e-05	0.000163876784680634
86	0.000349056774161366	1.67145261665196e-05	2.98844193215393e-05	5.27714825861204e-05	9.17303594512505e-05	0.000156196320452679
87	0.000330008892443928	1.54294029496136e-05	2.78083033993844e-05	4.94998131183679e-05	8.67345088055337e-05	0.000148875818930069
88	0.000312027745465087	1.4243088497382e-05	2.58764183982271e-05	4.64309770860558e-05	8.2010743910092e-05	0.000141898409628756
89	0.00029505190574971	1.3147985739094e-05	2.40787443772973e-05	4.35523994405926e-05	7.75442463364431e-05	0.000135248012738914
90	0.000279023586905105	1.21370817170163e-05	2.24059574963029e-05	4.0852284747688e-05	7.33210047024952e-05	0.000128909302068164
91	0.000263888421450891	1.12039026759456e-05	2.0849381656274e-05	3.83195688536667e-05	6.93277707189061e-05	0.000122867669721553
92	0.000249595252590551	1.03424726057559e-05	1.9400943499991e-05	3.5943873548321e-05	6.55520176292627e-05	0.00011710919243688
93	0.000236095939026538	9.5472749714673e-06	1.80531305386018e-05	3.37154640385277e-05	6.19819009137033e-05	0.000111620599497806
94	0.000223345171980067	8.81321738576116e-06	1.67989521872453e-05	3.16252090583698e-05	5.86062211327139e-05	0.000106389242150781
95	0.000211300303631989	8.13559899770488e-06	1.56319035075902e-05	2.96645434523068e-05	5.54143887945391e-05	0.000101403064455321
96	0.000199921186252668	7.51008038884774e-06	1.45459314692342e-05	2.78254330780751e-05	5.23963911359959e-05	9.66505755004519e-05
97	0.000189170021336889	6.93265578390314e-06	1.35354035549746e-05	2.61003418854984e-05	4.95427607124816e-05	9.21208229232995e-05
98	0.000179011218104633	6.39962739805768e-06	1.25950785471194e-05	2.44822010363129e-05	4.68445456986445e-05	8.78033676687857e-05
99	0.000169411260770447	5.90758175662838e-06	1.17200793433162e-05	2.29643799384658e-05	4.42932818065493e-05	8.3688259932273e-05
100	0.000160338584023141	5.45336783542128e-06	1.09058676609081e-05	2.15406590762002e-05	4.18809657332458e-05	7.97660162297111e-05


